examples/13-风场/wind3.js
{"header": { "name":"123", "discipline": 0, "disciplineName": "Meteorological products", "gribEdition": 2, "gribLength": 79192, "center": 7, "centerName": "US National Weather Service - NCEP(WMC)", "subcenter": 0, "refTime": "2023-05-29T12:00:00.000Z", "significanceOfRT": 1, "significanceOfRTName": "Start of forecast", "productStatus": 0, "productStatusName": "Operational products", "productType": 1, "productTypeName": "Forecast products", "productDefinitionTemplate": 0, "productDefinitionTemplateName": "Analysis/forecast at horizontal level/layer at a point in time", "parameterCategory": 2, "parameterCategoryName": "Momentum", "parameterNumber": 2, "parameterNumberName": "U-component_of_wind", "parameterUnit": "m.s-1", "genProcessType": 2, "genProcessTypeName": "Forecast", "forecastTime": 36, "surface1Type": 103, "surface1TypeName": "Specified height level above ground", "surface1Value": 10.0, "surface2Type": 255, "surface2TypeName": "Missing", "surface2Value": 0.0, "gridDefinitionTemplate": 0, "gridDefinitionTemplateName": "Latitude_Longitude", "numberPoints": 65160, "shape": 6, "shapeName": "Earth spherical with radius of 6,371,229.0 m", "gridUnits": "degrees", "resolution": 48, "winds": "true", "scanMode": 0, "nx": 360, "ny": 181, "basicAngle": 0, "lo1": 0.0, "la1": 90.0, "lo2": 359.0, "la2": -90.0, "dx": 1.0, "dy": 1.0 }, "data":
[rows 125 to 149 of 181, columns 58 to 115 of 360]
-2.8692968,-1.3792969,-0.79929686,0.23070313,0.8107031,1.6807032,2.3707032,1.6507031,0.37070313,-1.2292969,-1.6092969,-1.7192969,-0.17929688,2.270703,4.1007032,2.1307032,1.2907032,0.020703126,0.4507031,-0.21929687,2.010703,4.6007032,4.240703,3.340703,2.9507031,2.3707032,2.1607032,2.1607032,2.4707031,1.6607032,1.7707031,-0.8392969,-0.5092969,-0.059296876,0.10070313,-0.20929688,-0.7092969,-0.8392969,-1.2892969,-1.6292969,-2.3492968,-2.939297,-3.7892969,-4.079297,-4.2692966,-4.7492967,-4.9792967,-4.809297,-4.359297,-4.1892967,-3.3992968,-2.7792969,-2.6492968,-2.8092968,-4.629297,-4.219297,-7.909297,-5.079297
-3.0492969,-2.1092968,-1.0492969,-0.08929688,0.52070314,1.2307031,2.540703,2.9307032,2.8607032,2.1107032,2.080703,2.6507032,2.9407032,3.7007031,3.4207032,6.430703,4.050703,3.2007031,1.7707031,3.3707032,3.980703,5.430703,6.3307033,4.720703,4.840703,2.6507032,2.510703,3.050703,4.570703,3.4607031,3.8907032,2.1107032,0.9807031,1.2607031,1.9307032,1.6007031,0.9707031,0.21070312,0.47070312,-0.7192969,-1.7792969,-2.499297,-3.0292969,-2.459297,-3.219297,-4.069297,-4.069297,-4.529297,-4.589297,-4.319297,-4.079297,-4.239297,-3.509297,-3.479297,-3.8092968,-4.2092967,-5.8992968,-8.219296
-4.029297,-1.8092968,-0.28929687,0.64070314,1.1307031,1.8107032,2.1007032,3.6707032,3.980703,3.820703,4.140703,3.9607031,5.820703,5.800703,6.140703,4.970703,5.420703,4.950703,5.410703,4.450703,7.130703,6.130703,4.940703,5.340703,6.110703,5.660703,5.0207033,2.9707031,3.770703,5.180703,4.7507033,3.990703,3.050703,2.030703,3.1507032,3.2207031,2.6207032,1.9407032,1.6607032,1.0307031,0.52070314,-1.5192969,-1.5792968,-1.6992968,-1.0592968,-2.0692968,-2.489297,-2.769297,-2.939297,-3.019297,-3.169297,-3.8792968,-3.5692968,-3.409297,-4.009297,-4.239297,-4.539297,-5.679297
-2.8392968,-1.0692968,0.7407031,1.1407031,1.7007031,2.6207032,2.830703,3.240703,4.090703,5.280703,5.990703,5.7307034,6.5407033,6.660703,6.400703,5.5407033,5.460703,7.5007033,6.870703,4.2707033,6.760703,6.7907033,7.0007033,6.5207033,6.320703,5.420703,5.300703,6.130703,4.740703,5.3107033,6.800703,5.930703,5.280703,3.9507031,3.580703,2.3607032,3.6007032,3.250703,2.6107032,2.6207032,1.9607031,1.3007032,0.44070312,-0.039296877,-0.3892969,-0.18929687,-0.67929685,-0.91929686,-1.3292968,-1.3392968,-2.0892968,-1.5592968,-1.7292969,-2.769297,-2.939297,-3.729297,-4.179297,-4.509297
-1.8892969,0.060703125,0.09070312,1.1107031,1.0907031,0.9907031,2.6707032,4.220703,5.4807034,6.220703,6.530703,7.400703,7.200703,6.920703,7.590703,7.410703,8.450703,7.010703,7.490703,6.7907033,7.530703,7.660703,6.510703,6.220703,6.240703,7.090703,7.5607033,7.430703,7.210703,6.430703,6.5407033,6.280703,7.510703,5.510703,4.550703,3.4007032,4.360703,4.620703,4.390703,4.090703,3.8607032,3.1807032,3.000703,1.9907031,1.7407031,1.6607032,1.1207031,0.71070313,0.15070313,-0.019296875,0.3607031,-0.029296875,0.10070313,-0.7592969,-1.0692968,-1.7192969,-1.9292969,-1.8992969
-3.6192968,-2.009297,-0.7792969,-0.48929688,-0.7092969,-0.21929687,0.8507031,2.490703,4.2907033,5.820703,8.350703,8.610703,8.210703,7.610703,8.360703,8.890703,7.180703,7.890703,8.310703,9.290703,8.460703,7.3507032,6.960703,7.760703,8.870703,7.670703,7.110703,6.150703,8.050703,7.960703,6.860703,7.390703,7.140703,6.130703,5.070703,5.0607033,4.210703,5.090703,4.620703,5.5207033,5.490703,4.960703,4.430703,4.390703,3.810703,3.480703,2.990703,2.4007032,1.7607031,1.6007031,2.020703,1.4507031,1.3107032,1.1507031,0.58070314,0.5507031,0.29070312,0.5607031
-0.19929688,0.49070314,0.95070314,2.4407032,3.3507032,3.6907032,4.5207033,4.630703,4.640703,5.030703,5.450703,7.200703,9.960703,9.760703,9.330703,9.300703,9.960703,9.290703,9.810703,7.890703,7.860703,8.410703,7.380703,8.720703,5.870703,5.960703,6.2707033,7.740703,8.990704,7.510703,8.770703,7.920703,7.160703,6.5807033,5.880703,5.710703,5.8307033,5.070703,5.700703,5.920703,6.820703,6.3307033,6.360703,5.8107033,5.720703,5.0007033,4.2907033,3.800703,3.6107032,3.000703,3.000703,3.3607032,2.8807032,2.6707032,2.4207032,2.1907032,2.2107031,2.490703
3.480703,3.790703,3.8507032,3.6507032,3.9007032,4.8107033,5.2707033,6.110703,5.510703,5.220703,7.0407033,7.010703,7.410703,9.710703,11.850703,10.400703,10.380703,9.3207035,9.910703,9.250703,9.140703,7.570703,8.120703,5.990703,6.140703,7.300703,8.760703,7.550703,8.790703,8.790703,8.680703,7.900703,7.050703,7.130703,5.5607033,5.920703,6.910703,5.6007032,6.950703,7.070703,6.8107033,7.360703,7.400703,6.7707033,6.5607033,5.940703,4.740703,4.880703,4.3107033,3.9307032,3.6107032,3.030703,2.1507032,2.9107032,3.770703,3.7107031,4.0807033,4.450703
7.070703,6.6007032,6.5207033,6.660703,6.420703,6.380703,6.640703,6.390703,7.0607033,7.0007033,7.6007032,6.070703,5.2707033,6.8507032,8.130703,11.390703,11.740704,10.990704,10.710703,10.260703,9.100703,8.310703,6.130703,6.550703,6.990703,8.540703,6.900703,6.780703,6.260703,8.350703,8.410703,7.960703,6.400703,5.7707033,5.780703,6.2907033,7.300703,7.460703,6.260703,7.440703,7.690703,7.930703,7.740703,7.720703,7.010703,6.430703,5.8307033,5.5807033,5.280703,4.070703,3.9707031,5.210703,4.710703,3.8507032,5.160703,3.820703,4.450703,4.670703
9.0707035,9.340703,8.890703,9.700703,9.610703,8.920703,8.470703,8.360703,8.500703,8.700703,8.290703,8.230703,8.390703,10.750703,11.130703,10.920703,9.940703,10.510703,11.090703,9.880703,8.600703,7.970703,7.7307034,6.380703,7.5807033,8.950703,6.7507033,6.5807033,8.680703,7.990703,7.780703,7.120703,6.030703,5.950703,6.940703,5.710703,6.2907033,6.970703,7.210703,7.010703,8.270703,8.510703,8.120703,8.100703,7.300703,6.7307034,6.0407033,7.030703,6.0207033,6.170703,7.210703,6.870703,6.010703,4.910703,4.610703,5.660703,6.630703,6.380703
9.300703,10.730703,10.970703,11.200703,11.260703,11.260703,10.3207035,10.180703,9.880703,9.770703,8.200703,8.5707035,9.960703,10.440703,10.470703,9.060703,10.410703,9.850703,10.810703,11.500703,9.630703,8.530704,8.660703,7.7507033,6.8107033,9.470703,8.030704,8.620703,9.890703,8.800703,6.700703,5.5407033,5.590703,5.920703,6.720703,5.590703,7.190703,7.240703,6.4807034,5.990703,7.2507033,6.5607033,8.120703,9.540703,8.800703,6.930703,6.7907033,7.650703,8.180703,8.470703,7.3107033,7.5207033,7.930703,7.510703,7.510703,6.5207033,6.900703,8.100703
9.800703,11.250703,11.920703,11.560703,10.780704,10.710703,10.010703,10.050703,9.800703,9.370703,10.670703,10.870703,11.740704,10.760703,9.910703,10.170703,9.600703,10.360703,10.840703,12.210703,9.780704,8.560703,9.460703,8.5707035,6.960703,7.7507033,7.680703,8.270703,8.690703,7.2907033,7.360703,6.070703,6.010703,5.7907033,5.800703,5.700703,6.630703,6.2307034,6.210703,7.5007033,6.8507032,7.430703,7.970703,8.590703,8.420703,7.3307033,7.680703,9.800703,9.870703,9.560703,8.090703,8.540703,8.120703,7.470703,8.250703,8.640703,9.050703,8.430703
10.090703,10.520703,11.380703,10.680703,11.480703,11.280704,10.330703,10.140703,11.180703,11.170703,11.3207035,12.140703,12.230703,11.740704,10.940703,11.040703,10.830703,9.780704,10.830703,10.450703,12.980703,8.130703,8.970703,8.640703,8.200703,6.200703,6.3107033,6.8507032,8.080703,7.920703,8.180703,6.950703,6.3107033,5.390703,5.570703,6.110703,6.5207033,6.5407033,6.7907033,7.220703,7.590703,8.060703,7.640703,7.240703,7.720703,7.720703,9.5707035,8.880703,9.8207035,9.950703,9.240704,8.620703,8.560703,8.740704,9.080703,9.900703,8.650703,8.810703
10.100703,10.960703,10.230703,10.530704,10.270703,11.870703,9.380703,11.290703,12.340703,12.600703,13.110703,13.290703,12.960703,12.990704,11.760703,11.140703,10.190703,9.680703,9.0707035,8.770703,8.920703,9.050703,9.550703,9.170703,8.980703,8.020703,7.170703,7.470703,7.9807034,8.490704,7.720703,7.9807034,7.490703,7.5607033,5.070703,5.920703,7.140703,6.8307033,7.360703,7.740703,8.210703,8.190703,7.530703,7.0407033,8.580703,9.100703,8.840703,9.630703,9.520703,9.670703,9.370703,8.8207035,8.690703,8.040703,8.8207035,9.780704,9.240704,9.850703
10.630703,10.990704,11.020703,11.030704,11.810703,10.130703,11.680703,11.880703,11.480703,12.450703,12.930703,17.080704,15.100703,13.600703,12.750703,11.640703,12.720703,11.640703,9.560703,8.3207035,6.620703,6.140703,7.240703,8.510703,7.0807033,7.240703,7.950703,6.3107033,8.120703,8.060703,8.860703,9.460703,9.580703,10.140703,7.7907033,6.8107033,6.5807033,7.5207033,7.840703,7.9807034,7.940703,8.310703,8.330703,8.780704,9.630703,9.990704,9.850703,9.760703,9.5707035,9.270703,8.990704,8.710703,8.640703,8.5707035,9.210703,9.690703,10.230703,10.690703
10.900703,11.150703,11.870703,12.390703,12.760703,12.420703,13.380703,12.790703,12.730703,12.920703,13.150703,13.0707035,14.330703,14.560703,12.340703,10.370703,9.980703,8.830703,8.480703,8.230703,8.370703,5.5007033,4.6007032,5.120703,7.140703,6.090703,6.0207033,6.950703,7.340703,8.300703,8.710703,9.260703,9.510703,10.080703,10.210703,9.640703,7.860703,7.7707033,8.730703,8.880703,8.800703,8.590703,9.130703,9.670703,10.740704,10.910703,10.590703,10.340703,9.990704,8.840703,9.290703,9.240704,7.650703,10.530704,9.090703,9.830703,9.880703,10.900703
11.040703,11.300703,12.300703,12.910703,13.520703,13.5707035,13.920703,14.160703,14.430703,14.330703,13.720703,13.100703,12.990704,14.8207035,12.800703,10.800703,10.810703,9.030704,9.080703,8.190703,7.870703,7.7707033,5.5607033,2.830703,1.9007031,1.4707031,5.670703,5.400703,7.130703,7.420703,7.880703,8.140703,7.210703,8.540703,9.650703,10.420703,9.840703,9.770703,9.210703,9.710703,10.540703,11.010703,10.270703,10.060703,10.330703,10.580703,11.390703,12.510703,11.510703,9.400703,9.180703,7.710703,8.780704,9.600703,9.750703,10.010703,9.870703,10.700703
11.440703,12.440703,13.380703,13.380703,13.690703,14.330703,14.880703,15.250703,15.050703,15.100703,14.330703,14.510703,14.310703,13.770703,13.850703,8.910703,8.8207035,8.840703,8.580703,9.130703,7.7707033,6.710703,5.370703,4.120703,2.6507032,1.5907031,1.4707031,2.560703,4.0207033,4.220703,4.760703,4.840703,6.0007033,6.430703,5.760703,6.9807034,8.620703,9.870703,10.880703,11.360703,11.280704,11.460703,11.280704,11.450703,11.700703,11.350703,11.5707035,14.220703,13.510703,10.020703,9.5707035,8.050703,8.610703,9.200703,9.510703,9.770703,10.280704,10.5707035
12.020703,13.110703,13.600703,14.180703,14.670703,15.090703,15.610703,15.8207035,15.620703,15.390703,14.840703,14.910703,15.180703,14.220703,14.890703,6.760703,8.8207035,8.980703,9.540703,8.960703,8.610703,7.1007032,5.960703,5.280703,4.5407033,3.9707031,4.710703,4.380703,4.3507032,4.410703,4.410703,4.930703,5.320703,6.910703,6.870703,6.090703,5.8107033,6.6007032,8.730703,10.330703,11.190703,11.970703,12.610703,12.850703,12.480703,12.520703,11.000703,12.250703,14.210703,11.5707035,9.390703,7.630703,7.7507033,8.350703,8.680703,9.400703,10.290703,10.860703
11.920703,12.770703,13.680703,14.150703,14.840703,14.800703,15.270703,15.890703,15.460703,15.470703,15.5707035,15.250703,14.560703,13.550703,12.480703,5.800703,7.650703,8.140703,8.440703,8.3207035,8.390703,7.530703,7.0407033,6.630703,6.8307033,6.740703,7.150703,7.740703,7.780703,7.7507033,7.970703,7.990703,8.240704,7.460703,7.550703,7.960703,8.5707035,9.5707035,10.220703,10.960703,10.740704,11.580703,12.380703,12.750703,12.730703,13.760703,13.250703,13.120703,13.050703,11.5707035,8.060703,6.930703,6.940703,7.460703,8.000703,9.370703,9.890703,10.330703
10.080703,11.210703,12.950703,12.420703,13.260703,14.710703,15.250703,15.160703,15.470703,15.420703,14.940703,14.340703,13.420703,11.940703,6.1007032,4.050703,5.9807034,7.410703,9.050703,7.990703,7.7707033,7.300703,7.340703,7.800703,8.600703,8.930703,9.360703,9.470703,9.670703,9.970703,10.350703,10.590703,10.900703,10.970703,10.860703,10.870703,11.060703,11.580703,11.740704,11.870703,12.220703,12.750703,12.920703,13.430703,14.150703,13.690703,13.870703,13.560703,13.370703,11.100703,6.490703,5.0807033,6.190703,6.210703,8.350703,8.580703,8.940703,10.010703
10.040703,9.710703,11.080703,13.0707035,13.640703,13.930703,15.460703,16.440702,15.3207035,13.960703,12.830703,12.120703,11.870703,1.8407031,2.3907032,3.9607031,5.780703,7.320703,8.420703,8.220703,8.170703,8.020703,8.510703,9.050703,9.830703,10.430703,10.720703,10.990704,11.450703,11.900703,12.280704,12.610703,12.950703,13.270703,13.740704,14.100703,14.360703,14.550703,14.210703,14.410703,15.200703,14.060703,14.140703,14.170703,13.740704,14.480703,14.740704,14.280704,13.000703,9.550703,4.220703,4.390703,4.690703,6.320703,7.510703,7.880703,7.740703,8.050703
8.960703,0.77070314,0.8007031,0.8507031,1.0207031,0.8107031,-0.61929685,-1.2292969,-0.7792969,-2.2992969,-2.3592968,-1.5492969,7.03125E-4,1.7207031,3.580703,5.240703,4.990703,7.930703,7.9807034,8.390703,8.730703,9.210703,9.740704,10.170703,10.910703,11.760703,12.480703,12.960703,13.250703,13.720703,14.040703,14.470703,14.810703,15.170703,15.790703,16.400703,16.580704,16.700703,16.620703,16.500704,16.040703,17.670704,16.860703,15.060703,14.3207035,14.980703,14.920703,14.100703,12.140703,7.8307033,1.7407031,0.83070314,4.240703,5.4807034,7.670703,6.5607033,6.0407033,6.200703
-2.249297,-3.249297,-2.979297,-1.8992969,-1.3692969,-1.4992969,-1.5292969,-1.4392968,-1.3592969,-0.30929688,0.9107031,2.490703,4.3107033,5.550703,6.2307034,6.570703,7.050703,7.570703,7.870703,8.710703,9.490704,9.910703,10.370703,10.750703,10.990704,10.910703,12.190703,12.890703,14.140703,14.870703,15.600703,16.430702,17.120703,17.980703,18.810703,18.840704,18.980703,19.460703,19.170704,18.240704,18.180702,17.770702,18.370703,17.520702,15.590703,14.200703,14.960703,13.400703,8.950703,2.6407032,-1.1192969,1.2707031,4.3507032,4.240703,5.0807033,4.700703,4.320703,5.620703
-3.419297,-2.0592968,-1.1692969,-0.6492969,0.24070312,0.9707031,1.6107031,2.310703,3.010703,3.580703,3.980703,4.650703,5.240703,5.860703,6.400703,7.620703,8.410703,9.190703,9.850703,10.590703,11.160703,11.240704,11.290703,11.700703,12.330703,12.990704,13.200703,13.760703,14.510703,15.680703,16.800703,17.990704,19.330704,20.160704,20.800703,21.500704,21.600702,21.270702,20.750704,20.300703,19.630703,18.240704,16.870703,16.240704,15.170703,14.860703,15.450703,10.990704,3.090703,-3.199297,-1.7492969,2.300703,2.040703,2.070703,1.6607032,3.1307032,2.8707032,4.450703
