examples/13-风场/wind3.js
{"header": { "discipline": 0, "disciplineName": "Meteorological products", "gribEdition": 2, "gribLength": 79163, "center": 7, "centerName": "US National Weather Service - NCEP(WMC)", "subcenter": 0, "refTime": "2023-05-29T12:00:00.000Z", "significanceOfRT": 1, "significanceOfRTName": "Start of forecast", "productStatus": 0, "productStatusName": "Operational products", "productType": 1, "productTypeName": "Forecast products", "productDefinitionTemplate": 0, "productDefinitionTemplateName": "Analysis/forecast at horizontal level/layer at a point in time", "parameterCategory": 2, "parameterCategoryName": "Momentum", "parameterNumber": 3, "parameterNumberName": "V-component_of_wind", "parameterUnit": "m.s-1", "genProcessType": 2, "genProcessTypeName": "Forecast", "forecastTime": 36, "surface1Type": 103, "surface1TypeName": "Specified height level above ground", "surface1Value": 10.0, "surface2Type": 255, "surface2TypeName": "Missing", "surface2Value": 0.0, "gridDefinitionTemplate": 0, "gridDefinitionTemplateName": "Latitude_Longitude", "numberPoints": 65160, "shape": 6, "shapeName": "Earth spherical with radius of 6,371,229.0 m", "gridUnits": "degrees", "resolution": 48, "winds": "true", "scanMode": 0, "nx": 360, "ny": 181, "basicAngle": 0, "lo1": 0.0, "la1": 90.0, "lo2": 359.0, "la2": -90.0, "dx": 1.0, "dy": 1.0 }, "data":
[rows 26 to 51 of 181, columns 295 to 353 of 360]
-1.2119238,4.5980763,6.878076,6.9280763,6.278076,6.6580763,6.1180763,7.3680763,6.188076,6.318076,6.1980762,6.798076,11.448076,6.5980763,1.3280761,3.9880762,4.708076,8.688076,8.598076,8.4180765,6.9280763,7.5780764,5.588076,-0.091923825,1.6280762,3.6680763,2.8080761,2.0780761,3.7180762,4.918076,5.4480762,5.938076,6.338076,6.7880764,7.258076,7.668076,7.6780763,7.398076,7.008076,6.508076,6.068076,5.6180763,5.148076,2.4780762,1.6480762,3.4380763,-0.24192382,-6.9019237,-3.9519238,-2.111924,-8.0419235,-1.3219239,2.4180763,0.60807616,-0.7219238,-1.0319238,-0.69192386,-0.0019238282,0.058076173
0.78807616,5.228076,5.5580764,6.728076,6.728076,7.8080764,7.0580764,5.568076,5.068076,4.9480762,6.1980762,8.028076,9.468076,9.118076,8.978076,1.1380762,9.908076,12.518076,12.358076,9.928076,7.3680763,1.6380762,-3.0719237,0.5680762,2.8180761,4.298076,5.968076,6.128076,5.8680763,6.0580764,6.298076,6.258076,6.278076,6.218076,6.128076,5.938076,5.918076,5.898076,5.748076,5.548076,5.338076,4.668076,3.9680762,3.098076,1.2080761,-0.12192383,-0.6119238,0.65807617,1.2680762,1.3580762,1.3280761,0.9980762,1.6780761,1.5980762,0.98807615,0.19807617,-0.21192382,-0.27192384,-0.8719238
2.7480762,5.588076,5.548076,5.728076,5.4280763,6.878076,5.568076,4.108076,3.628076,4.2880764,6.188076,7.958076,7.338076,7.498076,9.248076,12.798077,3.3080761,6.498076,8.858076,8.028076,5.778076,4.5980763,-0.22192383,1.7780762,5.858076,5.8880763,6.458076,7.508076,7.278076,7.1380763,5.968076,6.208076,6.0380764,6.018076,6.048076,6.298076,6.3280764,6.378076,6.188076,5.778076,5.318076,4.528076,3.618076,2.7980762,1.9580761,1.0580761,0.6380762,0.48807618,0.7080762,0.86807615,0.5280762,0.92807615,0.5080762,-0.35192382,-1.2419238,-1.9419239,-1.7219238,-1.5219238,-1.3819238
3.368076,5.228076,4.488076,4.9080763,6.8280764,5.8080764,4.148076,2.4780762,1.9480761,4.028076,5.898076,6.1580763,6.018076,6.018076,7.148076,8.198076,7.748076,5.488076,1.1680762,0.038076174,0.42807618,-1.0019238,0.19807617,3.1880763,5.668076,6.0580764,6.1780763,6.938076,7.298076,5.738076,6.268076,5.938076,6.028076,6.008076,6.998076,6.398076,6.0380764,5.818076,5.6380763,5.3880763,4.668076,3.9480762,3.2380762,2.7780762,2.638076,2.128076,1.9080762,1.6680762,1.3980762,1.0680761,1.2280762,1.5580761,0.73807615,-0.45192382,-1.1719239,-1.5319238,-1.7019238,-1.1119238,-0.42192382
0.12807617,2.7280762,3.348076,4.3680763,4.398076,5.1780763,3.4580762,1.0580761,1.3180761,4.528076,4.968076,4.4480762,3.898076,5.278076,6.998076,8.248076,8.878077,7.748076,8.928076,6.188076,6.4280763,1.7580762,3.838076,5.668076,5.458076,5.488076,5.5980763,6.8880763,5.6580763,6.0980763,6.3680763,6.088076,5.988076,6.018076,5.518076,5.0780764,4.738076,4.228076,4.148076,4.218076,4.088076,4.108076,3.838076,3.398076,2.7380762,2.3280761,2.0280762,1.9580761,2.0480762,1.5480762,1.3880762,0.9980762,0.9480762,0.9580762,0.5880762,0.28807616,0.10807617,0.37807617,0.91807616
1.8580762,2.1980762,1.5580761,4.628076,4.278076,3.9680762,3.2380762,1.0880761,0.5280762,3.1880763,3.6880763,1.8580762,3.1580763,5.978076,8.638076,10.558076,10.678076,10.6680765,10.448076,8.358076,9.248076,6.9480762,5.688076,5.608076,6.028076,5.4080763,5.3280764,5.728076,6.048076,6.218076,6.338076,6.4480762,6.358076,5.5980763,5.228076,4.738076,4.278076,4.628076,4.738076,4.588076,4.3080764,4.088076,3.7880762,3.2680762,2.6680763,1.9680762,1.6980761,1.5380762,1.2880762,1.0480762,0.61807615,0.39807618,-0.0019238282,-0.30192384,-0.41192383,-0.76192385,-1.0019238,-1.0919238,-1.1119238
0.22807617,0.53807616,2.5480762,3.8080761,3.7780762,3.0080762,3.9380763,1.9780762,-0.22192383,-0.43192384,3.2080762,2.588076,3.4880762,7.1980762,10.268076,10.968076,10.858076,10.788076,10.878077,11.248076,10.178076,9.158076,6.278076,5.8080764,5.988076,5.6580763,4.978076,5.1380763,6.028076,5.9280763,6.1180763,6.3280764,6.018076,5.298076,4.768076,4.338076,4.968076,4.918076,4.2880764,4.398076,4.3080764,4.1380763,3.628076,3.4580762,2.8280761,1.0880761,1.8380761,1.1180762,0.9480762,0.7780762,0.65807617,0.40807617,-0.19192383,-1.0219238,-1.8119239,-2.4419239,-2.911924,-3.5619237,-1.9519238
1.1180762,0.86807615,0.43807617,0.9580762,1.7580762,2.2080762,2.618076,3.398076,2.1980762,0.72807616,0.26807618,4.5580764,6.438076,7.6780763,9.158076,10.388076,11.638076,12.278076,12.608076,10.268076,9.018076,8.738076,6.6780763,5.568076,5.778076,5.3680763,4.588076,4.878076,5.268076,5.8280764,6.1180763,6.068076,5.218076,4.9080763,4.518076,4.488076,4.2880764,3.5180762,4.358076,4.0780764,3.598076,3.2080762,2.8180761,2.348076,1.6680762,1.1980761,0.14807618,-0.6119238,-0.37192383,-0.16192383,-0.21192382,-0.48192382,-0.7519238,-1.6119238,-2.5319238,-3.611924,-4.641924,-6.311924,-6.981924
-1.2919239,0.038076174,-0.30192384,-0.0019238282,-0.3619238,1.9180762,3.648076,3.5180762,4.8880763,4.4080763,4.398076,5.168076,6.068076,6.9480762,9.868076,10.938076,11.548077,11.728076,11.658076,9.118076,9.308076,7.648076,5.998076,4.6180763,4.968076,4.4480762,4.3080764,4.728076,5.338076,5.938076,5.988076,5.238076,4.748076,4.528076,4.5780764,4.208076,4.228076,4.3480763,3.5080762,2.2680762,2.7280762,2.098076,1.7480762,1.6380762,1.0280762,-0.8519238,-1.4919238,-0.88192385,-0.64192384,-0.59192383,-0.6119238,-0.70192385,-1.2719238,-1.8119239,-2.5619237,-3.7719238,-4.761924,-5.5519238,-6.141924
-1.9119239,0.7780762,0.8780762,0.30807617,0.14807618,0.7680762,0.8880762,3.0280762,3.7980762,4.148076,5.998076,6.818076,8.148076,8.678076,8.968076,9.508076,10.298077,9.778076,8.768076,8.988076,6.468076,6.108076,5.0580764,4.4480762,4.278076,3.7880762,4.278076,4.498076,5.508076,5.6580763,5.418076,4.978076,4.488076,4.358076,3.4380763,3.378076,4.008076,2.3180761,2.388076,0.7780762,0.5680762,0.7680762,1.0480762,0.26807618,-1.6019238,-1.4019238,-0.8619238,-0.7219238,-0.44192383,-0.8019238,-1.1719239,-1.5219238,-1.7819238,-2.4419239,-3.351924,-4.471924,-5.721924,-0.95192385,-0.6819238
-1.5719239,-1.6519238,-0.6019238,0.8280762,0.79807615,1.2880762,0.8980762,0.25807616,1.8280761,4.268076,8.108076,8.618076,9.128077,8.6680765,8.388076,8.578076,9.158076,9.158076,7.1180763,6.738076,5.208076,4.458076,4.028076,3.7280762,3.6880763,3.7180762,4.168076,4.918076,5.5980763,5.0380764,4.968076,4.608076,4.088076,3.638076,3.0380762,2.8180761,2.5780761,2.7380762,2.4780762,1.5280762,-0.49192384,-0.35192382,-0.12192383,-1.7519238,-1.5219238,-0.8519238,-1.2419238,-0.6619238,-0.43192384,-0.76192385,-1.4719238,-2.0219238,-3.131924,-4.121924,-5.4219236,-2.2319238,-1.2419238,-0.7219238,-1.5319238
-1.5719239,-1.0119238,-0.88192385,0.5180762,2.1580763,2.2280762,2.0780761,2.848076,1.4680762,0.96807617,12.568076,10.148076,8.938076,8.068076,8.578076,7.8280764,7.048076,7.258076,5.8880763,5.358076,4.298076,2.9380763,2.2080762,3.7880762,2.9280763,3.5080762,4.2880764,5.148076,5.358076,4.8080764,4.398076,3.848076,3.0280762,3.1580763,2.9980762,2.9280763,3.1580763,2.5480762,2.2780762,1.0980762,0.29807618,-1.2719238,-1.7619238,-2.131924,-1.7519238,-1.9419239,-2.361924,0.3880762,1.2480762,-1.3719238,-1.6719239,-2.4919238,-4.1119237,-5.5919237,-4.721924,-1.8419238,-1.6019238,-0.77192384,-1.6819239
0.25807616,-0.8719238,0.09807617,0.8980762,0.48807618,3.6580763,4.738076,3.2480762,4.268076,4.8680763,9.898076,9.248076,7.978076,7.718076,6.648076,6.2880764,4.878076,4.1580763,3.618076,3.098076,2.2880762,0.61807615,3.868076,3.358076,3.648076,3.2680762,4.968076,5.298076,4.728076,3.7180762,3.6980762,3.1580763,2.9780762,3.1780763,3.098076,2.868076,1.7180762,1.0080762,0.13807617,-0.7919238,-1.3719238,-1.6519238,-1.8319238,-2.0219238,-2.0019238,-2.141924,-1.3019239,0.118076175,0.19807617,-1.9019238,-2.121924,-1.8519238,-2.5919237,-3.1919239,1.0780761,-0.64192384,-0.77192384,-1.8719238,-5.231924
0.46807617,0.04807617,0.32807618,3.2280762,4.4480762,5.0780764,4.4280763,9.068076,6.0580764,2.638076,6.878076,8.388076,7.6180763,6.938076,5.628076,4.818076,3.118076,2.2780762,1.5280762,0.65807617,-0.6019238,1.8280761,3.2080762,3.1680763,2.7980762,3.9580762,5.3880763,4.968076,4.1380763,3.108076,3.838076,3.618076,3.0380762,2.5580761,2.2080762,1.1380762,0.5680762,-0.08192383,-0.84192383,-0.83192384,-0.76192385,-1.2119238,-1.5419239,-2.0319238,-2.2119238,-1.3419238,-1.1419238,-1.1319238,-0.8719238,-1.1319238,-1.3319238,-1.0819238,-1.4919238,-1.5219238,-1.2319238,-2.9419239,-3.9219239,-4.491924,-5.6519237
1.7880762,3.108076,2.7080762,2.4080763,6.548076,10.128077,11.048077,7.228076,1.9280761,2.6980762,5.278076,8.768076,7.6980762,6.838076,4.508076,2.378076,0.12807617,-1.4919238,-3.2619238,-2.4519238,-0.011923828,2.7380762,2.6580763,2.0180762,2.9480762,5.608076,5.338076,4.5980763,3.598076,3.118076,3.388076,3.128076,2.358076,1.8180761,0.8980762,0.06807617,-0.42192382,-0.5019238,-0.59192383,-0.30192384,-0.34192383,-0.33192384,-0.71192384,-1.0119238,-1.4119239,-1.6519238,-1.8019239,-1.6019238,-1.0319238,-0.7519238,-0.41192383,-0.35192382,-0.63192385,-1.7419238,-2.5119238,-3.411924,-3.6919239,-4.521924,-4.911924
1.3480762,4.6180763,2.1880763,3.398076,6.2880764,7.438076,8.658076,2.138076,1.6980761,-0.8619238,0.23807617,1.6080762,8.498076,6.018076,3.398076,0.04807617,-2.8219237,-3.631924,-5.4619236,-3.901924,1.5780761,2.2980762,1.6180762,2.4980762,5.568076,5.818076,4.8680763,3.9280763,3.398076,3.128076,3.4980762,2.608076,2.098076,1.0480762,0.23807617,-0.31192383,-1.0119238,-1.3719238,-1.4419239,-1.3319238,-1.5219238,-2.5319238,-0.9119238,-1.3319238,-1.3119239,-1.2719238,-1.9619238,-1.3019239,-1.2119238,-0.38192382,-0.34192383,-1.0619239,-1.5919238,-1.4719238,-2.7819238,-3.7019238,-4.3419237,-4.311924,-3.5419238
0.7680762,4.548076,5.838076,4.998076,6.378076,6.4080763,2.4680762,0.8780762,-0.7319238,0.55807614,3.4080763,2.098076,3.9380763,5.228076,1.5780761,-2.3219237,-4.231924,-6.3019238,-7.0919237,0.028076172,1.4980762,1.5580761,0.80807614,4.108076,5.568076,5.8280764,4.968076,3.9980762,3.368076,3.4980762,3.138076,2.368076,1.4880762,0.67807615,-0.63192385,-1.2619238,-2.151924,-0.6719238,-0.14192383,0.7780762,0.7680762,-0.08192383,-0.9219238,-1.4019238,-1.1319238,-1.4019238,-1.6619239,-1.8519238,-1.1919239,-1.2219238,-1.4419239,-1.5819238,-1.9519238,-2.2719238,-2.861924,-3.5219238,-4.001924,-3.9619238,-4.911924
1.9180762,3.5480762,6.5980763,5.838076,7.028076,3.7780762,3.0780761,1.8780762,1.2280762,3.3080761,2.898076,1.6580762,0.20807618,4.718076,-1.2019238,-4.471924,-7.251924,-9.961924,-4.781924,1.7980762,2.2180762,-0.20192383,0.22807617,4.1380763,6.278076,6.4080763,5.1980762,4.488076,3.378076,3.638076,3.3280761,1.9380761,1.3680762,0.40807617,-0.45192382,-0.44192383,-0.90192384,0.24807617,1.2680762,0.42807618,0.16807617,0.5780762,-0.10192383,-1.5119238,-1.8819238,-2.0019238,-2.161924,-1.7919239,-2.2319238,-1.9919238,-1.8819238,-2.2119238,-2.5119238,-4.141924,-4.541924,-5.0719237,-5.351924,-5.181924,-4.8219237
3.118076,5.1180763,4.978076,5.5980763,0.86807615,2.0080762,4.358076,3.2780762,3.0080762,2.5380762,1.0780761,0.46807617,-0.28192383,0.79807615,-4.4219236,-6.6719236,-8.891924,-10.0819235,-3.1819239,2.2780762,2.598076,-0.51192385,2.838076,6.8280764,7.398076,6.068076,5.278076,4.6180763,3.6880763,3.9280763,2.4880762,1.1080762,0.6480762,0.34807616,-0.17192383,-0.3619238,0.07807617,0.66807616,-1.1219238,-0.9719238,-0.29192382,-0.6219238,-0.95192385,-1.2919239,-2.891924,-2.8219237,-2.911924,-2.5219238,-2.4219239,-2.3419237,-2.7919238,-2.8319237,-3.0819237,-4.5719237,-4.971924,-5.231924,-5.101924,-5.0519238,-5.0919237
2.7980762,-0.26192382,1.1880761,2.9380763,4.3480763,4.718076,4.458076,2.898076,2.898076,1.1780761,0.9980762,-0.46192384,-0.14192383,-2.8119237,-6.951924,-8.421924,-9.5419235,-11.411923,-4.3219237,3.0480762,-1.3719238,6.0580764,5.5980763,7.088076,6.568076,6.0580764,5.478076,3.9280763,3.2880762,3.4680762,2.378076,1.1280762,0.16807617,-0.33192384,-0.5619238,-0.5519238,-0.88192385,-1.7619238,-2.4419239,-1.6419238,-2.3219237,-1.6519238,-1.7719238,-1.3419238,-2.9219239,-2.8119237,-2.7319238,-2.2319238,-1.9419239,-2.2619238,-3.0119238,-3.0519238,-3.3019238,-3.4619238,-3.611924,-3.7819238,-3.9519238,-4.511924,-4.8019238
1.7280762,4.798076,7.268076,4.838076,4.478076,3.878076,2.888076,2.4480762,1.4280761,-0.051923826,-0.82192385,-1.5419239,-3.9919238,-6.4619236,-9.101924,-10.191924,-11.271924,-11.781924,-1.8719238,4.248076,1.8680762,-0.70192385,5.298076,8.688076,7.168076,6.0780764,5.208076,4.318076,2.9580762,2.6980762,2.1780763,1.4980762,0.33807617,-0.7919238,-1.3019239,-1.6519238,-2.0519238,-2.2919238,-1.4019238,-1.1719239,-2.5619237,-2.1819239,-2.2419238,-1.7619238,-2.7119238,-2.2319238,-1.6319238,-1.5019238,-2.0819237,-2.381924,-2.5419238,-2.2019238,-2.5519238,-3.2819238,-3.7419238,-4.241924,-4.9219236,-3.5119238,-1.8819238
1.5380762,2.2980762,2.6880763,3.5080762,3.7080762,2.9180763,1.9680762,0.5080762,-1.1319238,-2.631924,-3.911924,-5.5519238,-7.281924,-9.0819235,-10.001924,-10.811924,-11.681924,-11.321924,0.91807616,3.5380762,4.4080763,2.388076,2.4880762,7.9480762,6.068076,6.508076,4.918076,4.818076,3.7080762,3.0580761,2.5680761,1.3780762,0.17807618,-0.6619238,-1.7419238,-2.4419239,-2.0519238,-1.7519238,-2.1919239,-1.9719238,-1.8319238,-1.6219238,-1.9819238,-2.351924,-2.641924,-2.6819239,-2.1919239,-2.2919238,-2.861924,-3.2819238,-1.8419238,-1.3619238,-1.0819238,-1.8719238,-3.371924,-5.1119237,0.8980762,-0.43192384,-0.71192384
0.25807616,0.36807618,1.3880762,1.6980761,0.78807616,0.058076173,-0.9219238,-2.5419238,-3.7219238,-4.831924,-6.0919237,-7.411924,-9.281924,-10.631924,-10.721924,-11.111924,-10.981924,-9.631924,-3.5719237,8.058076,6.1180763,4.648076,4.128076,5.998076,5.4080763,4.298076,5.4280763,4.398076,5.0780764,4.128076,2.4080763,1.0880761,0.5680762,-1.2119238,-2.2019238,-2.7919238,-3.2019238,-3.7719238,-3.121924,-2.5419238,-1.6319238,-1.9319239,-2.3019238,-2.151924,-2.0219238,-2.0519238,-1.5719239,-1.9319239,-2.2719238,-2.4619238,-1.8719238,0.47807616,0.91807616,0.66807616,-0.35192382,-1.0419239,-1.1919239,-0.12192383,-0.51192385
1.3580762,0.12807617,-1.8719238,-2.6719239,-2.3319237,-1.6119238,-2.4719238,-3.6819239,-5.221924,-6.1919236,-7.3219237,-8.511924,-9.961924,-10.531924,-11.421924,-11.171924,-9.771924,-8.491924,0.15807617,6.738076,5.8680763,4.318076,3.5580761,3.388076,4.3080764,4.088076,6.008076,4.8880763,4.3080764,3.1980762,1.5980762,0.55807614,-0.5619238,-2.0619237,-3.0519238,-4.311924,-4.3419237,-4.011924,-3.5619237,-3.131924,-2.651924,-2.131924,-1.5819238,-1.1719239,-0.77192384,-0.40192384,-0.30192384,-0.49192384,-0.8019238,-1.4119239,-0.9719238,1.1880761,0.8880762,0.96807617,0.21807617,-0.76192385,-0.8719238,0.6480762,1.2780762
1.3180761,-0.5519238,-1.2219238,-2.5619237,-3.2319238,-4.731924,-5.021924,-5.021924,-6.181924,-7.1319237,-8.121923,-9.551924,-10.631924,-10.881924,-10.171924,-9.381924,-7.831924,-8.311924,4.398076,4.418076,3.8180761,2.7580762,3.128076,4.738076,5.1180763,2.2580762,5.168076,3.1780763,3.9180763,2.0080762,0.47807616,-0.5019238,-1.5819238,-2.851924,-4.5919237,-5.4219236,-4.931924,-4.0519238,-3.1919239,-2.5119238,-2.3319237,-1.8019239,-0.46192384,-0.04192383,1.3280761,1.2480762,1.0680761,0.80807614,0.71807617,0.6880762,0.73807615,0.71807617,0.60807616,0.14807618,-0.48192382,-0.7519238,0.19807617,-1.1119238,-1.0519239
-0.011923828,-0.7919238,-1.8819238,-2.6719239,-3.6919239,-4.261924,-5.3619237,-5.751924,-6.761924,-7.1919236,-8.3319235,-9.401924,-10.201923,-10.681924,-8.921924,-7.8819237,-9.301924,1.0380762,1.1880761,1.1380762,4.1180763,6.4280763,8.1680765,6.008076,5.628076,1.4580761,4.688076,3.9880762,2.858076,1.0680761,-0.46192384,-1.4419239,-2.8419237,-4.4419236,-5.621924,-5.8219237,-4.081924,-3.131924,-2.3419237,-3.3319237,0.14807618,2.868076,3.838076,3.5780761,5.2880764,3.098076,2.9580762,2.6580763,2.648076,2.4980762,2.4080763,1.9280761,0.18807617,-0.8619238,-1.2419238,-1.9719238,-0.6819238,-0.28192383,0.008076172
