examples/13-风场/wind3.js
{"header": { "name":"123", "discipline": 0, "disciplineName": "Meteorological products", "gribEdition": 2, "gribLength": 79192, "center": 7, "centerName": "US National Weather Service - NCEP(WMC)", "subcenter": 0, "refTime": "2023-05-29T12:00:00.000Z", "significanceOfRT": 1, "significanceOfRTName": "Start of forecast", "productStatus": 0, "productStatusName": "Operational products", "productType": 1, "productTypeName": "Forecast products", "productDefinitionTemplate": 0, "productDefinitionTemplateName": "Analysis/forecast at horizontal level/layer at a point in time", "parameterCategory": 2, "parameterCategoryName": "Momentum", "parameterNumber": 2, "parameterNumberName": "U-component_of_wind", "parameterUnit": "m.s-1", "genProcessType": 2, "genProcessTypeName": "Forecast", "forecastTime": 36, "surface1Type": 103, "surface1TypeName": "Specified height level above ground", "surface1Value": 10.0, "surface2Type": 255, "surface2TypeName": "Missing", "surface2Value": 0.0, "gridDefinitionTemplate": 0, "gridDefinitionTemplateName": "Latitude_Longitude", "numberPoints": 65160, "shape": 6, "shapeName": "Earth spherical with radius of 6,371,229.0 m", "gridUnits": "degrees", "resolution": 48, "winds": "true", "scanMode": 0, "nx": 360, "ny": 181, "basicAngle": 0, "lo1": 0.0, "la1": 90.0, "lo2": 359.0, "la2": -90.0, "dx": 1.0, "dy": 1.0 }, "data":
[rows 75 to 99 of 181, columns 116 to 173 of 360]
7.030703,6.840703,6.7907033,7.280703,6.430703,4.930703,5.890703,10.3207035,9.050703,7.430703,6.700703,6.280703,5.5207033,4.8507032,4.2907033,2.4707031,2.010703,0.27070314,-1.1292969,-2.909297,-0.9692969,-1.5092969,-3.7892969,-5.9392967,-7.279297,-7.629297,-7.9592967,-7.629297,-7.639297,-7.869297,-7.579297,-7.909297,-8.309297,-9.469296,-9.499297,-9.329297,-8.319297,-8.499297,-8.469296,-8.359297,-8.639297,-8.749297,-8.789297,-8.859297,-8.329297,-8.499297,-7.9392967,-7.859297,-8.159297,-7.039297,-8.119297,-8.579297,-8.529297,-8.389297,-8.219296,-7.949297,-7.789297,-8.299297
7.030703,7.0207033,6.410703,6.5807033,7.820703,3.1407032,7.380703,2.800703,6.550703,8.380703,7.660703,6.010703,4.590703,4.340703,3.1807032,3.1107032,2.6307032,0.29070312,-0.59929687,-3.239297,-2.8192968,-2.0892968,-2.479297,-3.769297,-4.1492968,-4.989297,-6.799297,-7.4392967,-8.199297,-7.359297,-7.8992968,-7.9192967,-8.199297,-8.979297,-8.499297,-9.199297,-7.889297,-7.989297,-8.349297,-8.199297,-8.539297,-8.409297,-8.099297,-7.849297,-7.619297,-7.809297,-8.319297,-8.309297,-7.679297,-8.109297,-8.379297,-8.619297,-8.159297,-8.289297,-7.869297,-8.049297,-8.449297,-8.4292965
8.760703,8.840703,8.990704,9.750703,10.290703,3.520703,9.460703,9.480703,6.320703,8.130703,5.5007033,5.7707033,3.290703,3.8707032,3.480703,3.1807032,2.3707032,0.17070313,-0.8792969,-1.9092969,-1.8292968,-1.6692969,-1.9992969,-2.7892969,-1.7492969,-2.669297,-5.589297,-7.569297,-7.279297,-8.639297,-5.679297,-8.4292965,-8.419297,-7.029297,-5.379297,-6.9592967,-6.829297,-7.9792967,-7.4792967,-7.449297,-7.569297,-6.809297,-6.7492967,-7.109297,-6.789297,-6.829297,-6.7092967,-7.469297,-7.129297,-7.7492967,-7.9992967,-8.1792965,-7.9192967,-7.759297,-7.859297,-8.219296,-8.199297,-8.209297
9.630703,10.000703,10.670703,10.900703,9.110703,10.260703,8.150703,5.150703,6.220703,1.9407032,5.570703,5.0607033,3.320703,3.530703,3.800703,3.010703,1.7807031,0.010703125,-0.78929687,-1.9892969,-1.5192969,-2.709297,-3.0592968,-3.919297,-2.729297,-0.61929685,-3.749297,-6.1492968,-5.559297,-8.089297,-7.589297,-6.409297,-7.559297,-6.7692966,-6.129297,-5.929297,-5.179297,-5.969297,-5.9992967,-7.109297,-6.469297,-5.449297,-5.839297,-5.909297,-5.659297,-5.279297,-5.799297,-5.9392967,-6.1492968,-6.609297,-4.2492967,-6.889297,-7.559297,-7.539297,-7.509297,-7.759297,-7.539297,-7.6892967
9.700703,9.780704,10.400703,10.020703,9.080703,6.930703,3.770703,7.140703,3.510703,3.2207031,6.5807033,3.510703,2.760703,3.780703,3.300703,2.4007032,1.2707031,0.17070313,-0.5692969,-1.1792969,-1.4492968,-3.3692968,-3.469297,-4.9192967,-4.589297,-1.4092969,-3.179297,-5.629297,-6.139297,-7.1892967,-5.9392967,-6.539297,-7.1492968,-6.719297,-7.9992967,-4.8992968,-1.0092969,-3.269297,-4.699297,-6.309297,-4.989297,-4.8992968,-5.4392967,-5.2292967,-5.059297,-4.739297,-4.839297,-3.5892968,-3.959297,-5.789297,-4.279297,-3.6292968,-6.109297,-6.679297,-6.6892967,-6.699297,-7.319297,-6.9992967
8.460703,9.0707035,9.430703,2.7207031,6.150703,7.2707033,6.490703,3.3907032,3.780703,6.220703,1.5907031,2.8607032,3.080703,3.270703,2.480703,2.250703,1.1007031,0.22070312,-0.37929687,-0.9692969,-2.0692968,-2.5492969,-3.7992969,-6.009297,0.18070312,-3.179297,-3.3492968,-4.6892967,-5.239297,-6.109297,-6.409297,-6.179297,-5.299297,-6.039297,-6.989297,-6.889297,-2.7792969,-3.1092968,-1.4692969,-6.299297,-3.459297,-4.539297,-4.339297,-4.6692967,-4.319297,-3.729297,-3.749297,-2.439297,-1.5792968,-2.0692968,-2.5292969,-3.469297,-4.879297,-5.989297,-6.059297,-5.819297,-5.679297,-5.929297
7.610703,7.950703,0.82070315,9.750703,7.570703,5.470703,4.840703,4.050703,1.3407031,-1.0592968,0.52070314,2.060703,3.060703,2.290703,1.9007031,1.9407032,0.95070314,0.030703126,0.57070315,-0.6592969,-1.7992969,-1.7292969,-2.3692968,-5.309297,-1.3292968,-3.8292968,-3.209297,-3.3192968,-4.369297,-4.779297,-4.659297,-2.8992968,-3.969297,-5.389297,-6.809297,-6.739297,-3.689297,-5.6892967,-0.3292969,-4.339297,-7.0192966,-1.1792969,-3.699297,-4.7692966,-5.179297,-4.889297,-4.349297,-3.979297,-2.0492969,-1.2892969,-1.1892968,-2.2792969,-3.2792969,-4.309297,-3.5992968,-3.3192968,-4.679297,-4.309297
6.780703,4.8307033,6.890703,7.660703,4.400703,3.6107032,1.8307031,-0.3592969,1.3807031,-0.3592969,1.8107032,2.6507032,2.510703,1.8907031,1.9207032,1.1507031,0.25070313,0.17070313,-0.27929688,-0.18929687,-1.6392969,-0.15929687,-1.2492969,-2.8592968,-2.969297,-3.509297,-3.0592968,-3.249297,-3.229297,-1.9392968,-2.5692968,-2.699297,-2.5692968,-3.6492968,-4.6892967,-5.099297,-5.639297,-4.739297,-3.949297,-2.3892968,-5.219297,-5.039297,-3.429297,-5.009297,-5.4592967,-5.009297,-4.239297,-4.609297,-4.789297,-3.759297,-0.43929687,-1.3292968,-3.1192968,-2.759297,-3.229297,-2.509297,-4.139297,-4.4592967
5.410703,3.7007031,-0.8392969,-0.12929687,2.6307032,2.6907032,0.89070314,-0.069296874,0.41070312,0.9207031,-0.6592969,5.320703,2.9207032,2.050703,1.4507031,0.30070314,0.5007031,0.110703126,-0.5292969,-0.5792969,-0.8392969,0.3607031,-0.31929687,-1.8692969,-2.729297,-2.8992968,-2.939297,-2.5592968,-2.2992969,-1.6492969,-1.3192968,-1.7892969,-0.9392969,-1.7592969,-2.949297,-1.6292969,-1.3392968,-1.8992969,-1.9392968,-3.929297,-1.8692969,-3.7892969,-4.7292967,-4.119297,-4.619297,-4.829297,-4.9592967,-4.409297,-6.869297,-5.7492967,-0.54929686,-0.7192969,-2.8492968,-3.0592968,-2.919297,-2.8592968,-4.1692967,-4.4592967
0.89070314,0.3607031,1.1007031,1.3307031,2.3507032,0.44070312,0.8107031,-0.6992969,-3.699297,-0.13929687,3.330703,3.510703,2.6107032,2.7207031,0.8607031,0.080703124,0.080703124,-0.069296874,-0.66929686,-0.8992969,-0.31929687,0.030703126,-0.11929688,-1.0192969,-1.0692968,-2.1392968,-1.9992969,-1.7092968,-1.6192969,-1.1892968,-0.43929687,-0.27929688,-0.37929687,-0.59929687,-0.07929687,-0.30929688,0.110703126,-0.18929687,-0.49929687,-0.86929685,-1.7392969,-3.6292968,-4.469297,-4.039297,-4.259297,-4.329297,-5.159297,-5.2692966,-5.719297,-5.809297,-3.2892969,2.1907032,-3.2892969,-4.069297,-1.1292969,-1.0392969,-3.189297,-3.3792968
-0.08929688,0.34070313,0.27070314,2.010703,2.1207032,1.0507032,-0.30929688,-1.4992969,-1.4892969,-0.43929687,2.2007031,2.780703,1.1207031,0.4207031,0.38070312,0.10070313,-0.25929686,-0.5092969,-0.46929687,-1.0692968,-0.6592969,0.09070312,-0.3292969,-0.19929688,-0.6992969,-2.269297,-1.2292969,-1.3292968,-0.84929687,-0.5192969,0.050703123,-0.36929688,-0.40929687,0.37070313,0.52070314,0.63070315,0.52070314,-0.5192969,-0.8992969,-0.31929687,-2.1292968,-4.109297,-5.309297,-4.4392967,-4.329297,-3.8392968,-5.029297,-4.909297,-5.889297,-5.389297,-1.6592969,-0.25929686,-4.139297,-3.5592968,-3.0992968,-1.3892969,-1.8992969,-1.8492969
0.9807031,0.57070315,2.760703,0.83070314,1.6807032,0.49070314,0.7207031,0.70070314,0.18070312,0.6707031,1.0907031,2.4707031,2.000703,0.26070312,-0.36929688,0.6007031,-0.9692969,-1.4392968,-1.2992969,-0.98929685,-1.1292969,-0.26929688,-1.3692969,-0.5692969,-1.1392969,-0.8292969,-0.53929687,-0.3292969,-0.73929685,-0.26929688,0.19070312,0.27070314,-0.25929686,0.19070312,0.19070312,-0.029296875,-0.069296874,0.15070313,-1.1692969,-1.5492969,-2.5592968,-2.909297,-4.029297,-4.1692967,-3.739297,-3.909297,-4.5192966,-4.7292967,-4.619297,-4.5192966,-2.5392969,-2.5892968,-3.6392968,-3.989297,-3.3192968,-1.8192968,-1.9792969,-0.78929687
1.0107031,0.6807031,1.6807032,0.6707031,2.4607031,0.5507031,-0.19929688,0.010703125,-1.9992969,-2.8592968,0.52070314,2.080703,-0.13929687,0.29070312,1.2207031,0.90070313,-0.6892969,-1.2992969,-1.1592969,-2.0592968,-1.2992969,-0.45929688,-1.1692969,-0.91929686,-0.55929685,0.30070314,0.10070313,1.1607032,-0.6592969,0.51070315,0.46070313,0.18070312,0.5907031,0.25070313,-0.2992969,0.050703123,-0.9492969,-0.7092969,-0.9492969,-1.9092969,-3.0592968,-3.3392968,-5.009297,-3.749297,-4.299297,-3.5992968,-3.8892968,-3.719297,-3.8192968,-3.5792968,-2.6392968,-2.8092968,-2.8792968,-2.8292968,-2.5392969,-1.4692969,-1.2192969,-0.37929687
0.29070312,0.34070313,1.6207031,1.9007031,2.7107031,0.5407031,-0.31929687,-0.14929688,-0.72929686,-0.49929687,1.4107032,1.1107031,-1.0192969,1.7507031,2.020703,1.2507031,-0.20929688,-1.4892969,-1.9792969,-2.1492968,-1.4292969,-0.72929686,-0.36929688,-2.219297,-0.8192969,0.32070312,-0.30929688,1.2807031,0.64070314,0.8507031,0.5307031,0.18070312,0.21070312,-0.6492969,-0.5192969,-0.8392969,-0.22929688,-0.97929686,-1.2492969,-1.3192968,-3.019297,-2.8992968,-4.6492968,-3.8492968,-4.239297,-3.5592968,-3.6192968,-3.1192968,-2.6492968,-2.689297,-3.0992968,-2.1092968,-1.9692969,-2.0992968,-1.9692969,-1.1792969,-1.2592969,-0.8392969
0.4507031,0.22070312,0.9207031,2.1307032,1.9207032,-0.5692969,-0.069296874,0.6207031,-0.8992969,4.320703,1.9707031,-0.049296875,-0.24929687,0.4507031,0.25070313,-1.3092968,1.7207031,-0.07929687,-1.4392968,-2.009297,-1.1592969,-1.2892969,-1.1892968,-1.2792969,-0.47929686,0.09070312,-0.5792969,0.8507031,0.77070314,0.8507031,1.1107031,0.64070314,0.010703125,-0.79929686,-0.8392969,-2.1292968,-1.4792969,-1.5392969,-2.3692968,-2.2992969,-2.659297,-3.5592968,-4.379297,-4.469297,-4.339297,-3.959297,-3.769297,-2.8992968,-2.939297,-2.669297,-2.5292969,-2.1392968,-1.6292969,-1.4292969,-1.1092969,-0.7492969,-0.60929686,-1.0092969
1.1007031,0.76070315,1.2407031,0.95070314,-1.2192969,-1.2592969,0.030703126,-1.6592969,0.8707031,0.58070314,-0.6992969,-0.49929687,-2.699297,-2.2792969,-2.269297,-0.45929688,-1.4292969,-1.1592969,-0.66929686,-1.9592968,-1.5592968,-1.4792969,-1.2792969,-0.86929685,-0.25929686,-0.27929688,-0.48929688,0.22070312,7.03125E-4,0.7507031,0.71070313,0.7307031,-0.5892969,-1.3392968,-2.6492968,-3.219297,-3.909297,-3.3592968,-2.909297,-2.5592968,-2.8492968,-4.779297,-4.579297,-5.119297,-4.869297,-5.0192966,-4.2092967,-3.689297,-3.3492968,-2.709297,-2.8792968,-1.6492969,-1.2692969,-1.0192969,-0.48929688,-1.0792968,-0.73929685,-1.2492969
-0.15929687,1.0607032,1.9407032,0.12070312,-0.11929688,-1.0092969,-0.13929687,4.780703,4.010703,1.7607031,-0.45929688,-2.2792969,0.7807031,-3.759297,-4.989297,-1.4892969,-1.1992968,-0.24929687,-0.8392969,-0.98929685,-0.7592969,-1.4792969,-1.5292969,-0.17929688,-0.67929685,-0.46929687,-0.7692969,-0.67929685,-0.6992969,-0.10929687,0.63070315,-0.019296875,-0.8892969,-1.7192969,-2.2992969,-4.069297,-4.4592967,-4.069297,-3.7892969,-3.479297,-4.279297,-6.539297,-5.889297,-5.779297,-5.699297,-5.109297,-4.079297,-4.0192966,-3.679297,-3.699297,-1.5392969,-1.1692969,-0.5192969,-0.08929688,-0.43929687,-1.3792969,-1.6792969,-1.9792969
-0.23929687,0.9107031,1.9907031,-1.5892968,-0.49929687,-0.059296876,2.4207032,0.94070315,-1.5292969,0.7307031,-5.1892967,-4.139297,0.30070314,-1.3592969,-3.419297,-5.109297,-2.929297,0.14070313,1.0607032,3.9007032,-0.9592969,-1.5792968,-0.45929688,0.20070313,0.020703126,-0.8392969,-0.43929687,-0.9992969,-1.4092969,-0.98929685,-0.7192969,-0.5692969,-1.9492968,-2.1092968,-2.1392968,-4.379297,-4.929297,-3.989297,-4.869297,-5.2292967,-7.2492967,-7.7092967,-7.4792967,-6.9392967,-6.029297,-5.449297,-5.009297,-4.039297,-3.3192968,-3.3192968,-1.3392968,-0.049296875,-0.6592969,0.10070313,-0.5292969,-1.2192969,-1.8092968,-2.0692968
0.9207031,0.14070313,-2.3092968,-0.43929687,-0.27929688,-1.4692969,0.31070313,-1.5592968,-5.719297,-3.009297,2.7007031,-2.2792969,-3.0392969,0.5907031,-1.8292968,-5.2692966,-2.919297,-1.7792969,0.40070313,-0.009296875,0.20070313,-0.24929687,-0.7092969,-0.7192969,-0.8392969,0.43070313,-0.24929687,-1.5392969,-2.209297,-2.0492969,-3.6192968,-3.199297,-2.0792968,-2.7992969,-3.2892969,-4.409297,-2.6292968,-4.199297,-5.259297,-7.279297,-8.439297,-8.269297,-8.139297,-7.429297,-6.659297,-5.4992967,-5.1492968,-3.469297,-3.3492968,-2.659297,-1.2892969,0.5407031,-0.6592969,-0.49929687,-0.9392969,-1.9692969,-2.1492968,-2.6092968
-2.469297,-0.6392969,-1.3992969,-4.549297,-1.4992969,0.6607031,-0.24929687,-2.179297,-6.489297,-7.539297,-8.119297,-6.429297,-7.2492967,-6.489297,-6.2692966,-5.759297,-7.2692966,-2.5892968,-8.309297,-0.17929688,-0.3592969,0.58070314,0.3907031,0.7907031,-0.44929686,-0.11929688,-0.37929687,-0.7792969,-0.92929685,-1.4992969,-1.3092968,-5.469297,-3.019297,-3.209297,-0.79929686,-1.7392969,-2.0992968,-4.5192966,-6.599297,-7.739297,-8.509296,-8.209297,-7.9392967,-7.279297,-6.2692966,-5.3992968,-4.949297,-3.5592968,-2.5392969,-1.7592969,-0.91929686,-0.5292969,-1.1592969,-0.31929687,-1.2992969,-2.3892968,-3.169297,-3.189297
-4.589297,-4.089297,-3.5592968,-2.219297,-1.0192969,-7.319297,-5.329297,-5.949297,-7.849297,-8.599297,-8.229297,-8.359297,-7.109297,-6.489297,-6.789297,-6.629297,-7.4592967,-8.1792965,-8.419297,-10.009296,-10.9292965,-8.659297,-2.5392969,-1.2992969,-0.24929687,0.43070313,-0.5192969,0.34070313,-0.5092969,-0.8992969,-0.3892969,-7.469297,-3.759297,-2.0392969,-1.7992969,1.5407032,-3.259297,-3.7892969,-7.029297,-7.0192966,-7.859297,-9.019297,-7.139297,-6.719297,-5.449297,-4.1892967,-3.769297,-3.009297,-2.3792968,-2.3592968,-1.0892968,-0.2992969,-0.78929687,-0.6492969,-1.3592969,-2.7792969,-3.8492968,-3.939297
-6.2292967,-4.789297,-6.359297,-6.349297,-6.589297,-7.849297,-5.829297,-4.599297,-4.929297,-9.079297,-9.189297,-8.369297,-7.2492967,-6.549297,-6.2692966,-7.369297,-8.1792965,-8.489297,-6.6892967,-9.609297,-10.909297,-10.589297,-7.369297,-2.009297,-1.6592969,-1.8192968,-0.049296875,0.52070314,-1.3392968,-0.11929688,-0.9092969,-0.53929687,-3.1092968,-2.3292968,-0.97929686,-1.9792969,-2.8692968,-5.799297,-4.819297,-0.9392969,-7.469297,-8.779297,-6.909297,-6.1892967,-5.259297,-3.679297,-2.1492968,-2.3092968,-2.5492969,-2.739297,-0.86929685,0.71070313,0.030703126,-0.9392969,-2.979297,-3.249297,-4.609297,-4.4792967
-1.6592969,-4.129297,-4.7692966,-4.829297,-5.599297,-6.009297,-5.449297,-4.6492968,-7.4992967,-3.8892968,-9.159297,-7.359297,-7.2492967,-6.099297,-7.679297,-6.599297,-8.4292965,-8.449297,-9.039297,-9.739297,-10.349297,-10.649297,-9.909297,-3.229297,-1.9892969,-1.6692969,-2.239297,-1.4192969,-0.24929687,0.6107031,-0.8992969,-1.4592968,0.70070314,-2.0392969,-3.259297,-3.189297,-4.679297,-6.579297,-7.009297,-6.199297,-4.909297,-3.5992968,-7.699297,-3.659297,-4.929297,-3.999297,-2.2792969,-1.2792969,-2.3892968,-3.419297,-3.019297,-1.4292969,-1.4292969,-1.6392969,-4.029297,-3.729297,-4.6892967,-5.029297
0.6107031,-2.5692968,-0.86929685,-2.3192968,-0.3292969,-2.2792969,-3.0292969,-1.6992968,-0.9392969,-4.719297,-6.219297,-5.889297,-5.859297,-6.809297,-6.2292967,-8.259296,-8.039297,-7.6892967,-8.239297,-8.699297,-9.219296,-8.849297,-4.089297,-3.699297,-3.449297,-2.7992969,-2.0492969,-2.499297,-7.339297,-0.39929688,0.83070314,-0.80929685,-0.5292969,-0.92929685,-3.7992969,-5.029297,-7.849297,-7.9792967,-7.4592967,-6.409297,-4.4992967,-1.7992969,-6.929297,-2.5392969,-2.719297,-5.069297,-3.499297,-1.8492969,-3.159297,-6.009297,-5.679297,-3.709297,1.3007032,-1.5192969,-3.8992968,-4.079297,-5.1492968,-5.089297
-5.799297,-0.91929686,-6.219297,-7.619297,-8.759296,-6.9592967,-2.179297,0.38070312,-1.2892969,-0.9992969,-1.5392969,-4.739297,-7.279297,-7.989297,-7.839297,-6.929297,-8.009296,-8.809297,-8.869297,-7.759297,-8.249297,-9.409297,-9.229297,-8.629297,-8.979297,-4.679297,-3.8392968,-3.6192968,-7.049297,-7.1692967,-7.989297,0.5607031,-0.9492969,0.37070313,7.03125E-4,-5.409297,-8.029297,-6.539297,-6.9392967,-5.719297,-3.769297,-7.199297,-4.9592967,-3.8692968,-5.7492967,-1.7392969,-4.029297,-3.6092968,-4.909297,-5.449297,-5.2492967,-2.439297,-2.3292968,-0.45929688,-5.029297,-4.579297,-4.759297,-4.849297
