examples/13-风场/wind3.js
{"header": { "discipline": 0, "disciplineName": "Meteorological products", "gribEdition": 2, "gribLength": 79163, "center": 7, "centerName": "US National Weather Service - NCEP(WMC)", "subcenter": 0, "refTime": "2023-05-29T12:00:00.000Z", "significanceOfRT": 1, "significanceOfRTName": "Start of forecast", "productStatus": 0, "productStatusName": "Operational products", "productType": 1, "productTypeName": "Forecast products", "productDefinitionTemplate": 0, "productDefinitionTemplateName": "Analysis/forecast at horizontal level/layer at a point in time", "parameterCategory": 2, "parameterCategoryName": "Momentum", "parameterNumber": 3, "parameterNumberName": "V-component_of_wind", "parameterUnit": "m.s-1", "genProcessType": 2, "genProcessTypeName": "Forecast", "forecastTime": 36, "surface1Type": 103, "surface1TypeName": "Specified height level above ground", "surface1Value": 10.0, "surface2Type": 255, "surface2TypeName": "Missing", "surface2Value": 0.0, "gridDefinitionTemplate": 0, "gridDefinitionTemplateName": "Latitude_Longitude", "numberPoints": 65160, "shape": 6, "shapeName": "Earth spherical with radius of 6,371,229.0 m", "gridUnits": "degrees", "resolution": 48, "winds": "true", "scanMode": 0, "nx": 360, "ny": 181, "basicAngle": 0, "lo1": 0.0, "la1": 90.0, "lo2": 359.0, "la2": -90.0, "dx": 1.0, "dy": 1.0 }, "data":
[rows 104 to 129 of 181, columns 59 to 117 of 360]
4.188076,4.0580764,3.388076,3.5680761,3.0180762,2.888076,2.7480762,3.0580761,2.6880763,2.638076,2.5080762,1.7180762,1.4580761,0.53807616,0.55807614,1.2380762,2.0780761,2.6680763,2.5580761,2.878076,3.088076,2.628076,2.128076,4.4080763,6.238076,6.1580763,4.758076,4.6980762,3.9080763,3.0280762,2.6880763,2.8280761,2.7480762,3.5280762,3.9380763,4.1180763,4.728076,5.028076,4.878076,4.148076,4.3480763,3.108076,4.358076,3.588076,3.4080763,3.4680762,1.1880761,1.4380761,2.588076,3.3080761,3.4180763,3.398076,2.4880762,3.1680763,3.838076,2.378076,2.368076,2.8180761,3.9380763
4.858076,4.0980763,3.4880762,3.2780762,4.0980763,3.4180763,3.1580763,3.2280762,2.8280761,2.9080763,1.5980762,0.47807616,-0.3619238,-0.47192383,-0.70192385,-0.18192382,0.24807617,0.44807616,0.49807617,1.6380762,1.2280762,2.7780762,2.7380762,4.0580764,4.458076,5.6980762,5.608076,5.5580764,5.3880763,5.3280764,4.248076,4.248076,4.3280764,3.368076,3.888076,3.898076,3.7180762,3.6780763,3.5780761,3.848076,2.898076,3.4080763,3.358076,2.9680762,2.7880762,2.898076,2.6980762,2.7180762,2.1980762,2.2880762,2.6780763,0.71807617,1.4580761,0.98807615,3.9880762,1.3180761,1.3880762,0.84807616,0.86807615
5.488076,5.0380764,4.238076,3.5280762,3.088076,3.2680762,3.628076,4.108076,3.848076,3.1680763,2.2780762,-0.89192384,-2.361924,-2.2019238,-2.4619238,-3.7719238,-2.4919238,-1.6819239,-0.14192383,0.5080762,1.0180762,2.7480762,2.7280762,3.2880762,4.528076,5.398076,6.0780764,5.988076,6.208076,4.918076,5.318076,4.718076,4.798076,5.1180763,4.718076,4.0980763,3.6980762,3.5580761,4.1180763,4.0380764,3.5380762,2.9880762,3.128076,3.2380762,2.5480762,2.5480762,2.1780763,1.5680761,0.33807617,1.6780761,2.2380762,-0.32192382,0.67807615,1.0080762,1.1780761,2.1680763,1.2880762,0.80807614,1.1780761
5.4080763,5.128076,4.518076,3.388076,2.608076,2.6780763,3.2380762,4.298076,4.5980763,4.318076,4.268076,0.32807618,-0.32192382,-3.2819238,-3.2519238,-1.9319239,-1.2319238,-1.1719239,-0.71192384,-0.22192383,1.4780762,0.5880762,1.7680762,3.1780763,3.9280763,4.718076,5.588076,6.298076,7.1980762,5.488076,5.068076,5.708076,4.6580763,4.898076,4.9280763,4.458076,4.0380764,3.9780762,4.048076,4.238076,4.8880763,3.2680762,2.638076,3.1680763,3.3180761,2.9080763,2.148076,1.6180762,-0.20192383,2.098076,0.36807618,-1.1019238,-0.37192383,0.36807618,1.6680762,1.2880762,-0.48192382,0.37807617,0.8980762
5.758076,5.1580763,4.028076,4.278076,4.0980763,3.7380762,6.278076,6.998076,5.6780763,5.748076,3.9280763,3.4580762,2.6580763,-1.3919238,-0.40192384,-0.31192383,-0.27192384,0.48807618,0.5080762,-0.6619238,0.28807616,1.5380762,1.1880761,1.8680762,2.628076,2.628076,2.2580762,2.6580763,2.878076,3.4680762,3.598076,4.518076,4.608076,5.508076,5.798076,5.3480763,5.1180763,4.8880763,4.318076,4.5580764,5.688076,5.718076,3.4680762,3.108076,3.338076,3.3180761,3.0580761,3.6680763,1.6480762,1.0280762,2.7980762,0.84807616,0.18807617,0.40807617,0.058076173,0.8880762,1.4280761,0.21807617,0.14807618
4.028076,5.628076,4.818076,3.5480762,3.7380762,4.248076,4.3480763,4.518076,4.688076,5.1180763,3.9780762,2.888076,4.088076,1.2280762,0.28807616,0.5180762,0.5180762,0.73807615,1.0680761,-0.0019238282,-0.5519238,0.18807617,0.8280762,0.41807616,1.3680762,2.7680762,1.6580762,2.0180762,2.5480762,3.148076,4.468076,4.7880764,6.5780764,3.2680762,5.5580764,6.418076,6.258076,5.778076,5.5780764,5.758076,5.728076,6.338076,6.338076,3.5080762,3.088076,3.1780763,3.148076,3.088076,2.7880762,1.3080761,1.7280762,2.2180762,2.0680761,0.088076174,0.49807617,0.20807618,-0.08192383,-1.3819238,-0.5519238
4.188076,3.9180763,3.2080762,2.848076,3.2380762,3.9080763,4.668076,3.9980762,4.248076,3.9980762,2.9680762,1.8080761,1.5880761,3.4880762,2.2780762,1.4780762,0.6480762,1.0480762,2.4880762,1.5880761,0.29807618,0.91807616,1.8180761,2.838076,1.0280762,1.8980762,2.0680761,1.8280761,1.2880762,1.1880761,1.9780762,2.648076,3.398076,4.0380764,5.5380764,5.9280763,5.688076,6.608076,6.3680763,5.718076,7.3680763,7.338076,7.048076,3.7080762,3.388076,3.5580761,2.848076,3.368076,2.8280761,2.088076,1.6580762,1.4580761,0.04807617,0.8180762,0.16807617,-0.08192383,-0.69192386,-0.04192383,0.61807615
3.3080761,3.9780762,2.2080762,1.6380762,1.8980762,2.7180762,3.6880763,3.7580762,3.0080762,1.6680762,2.2380762,2.2280762,0.85807616,1.6380762,1.1580762,1.6380762,1.4280761,0.66807616,0.9480762,2.348076,0.85807616,1.0280762,2.4880762,2.1780763,3.4880762,4.5980763,4.028076,4.1380763,4.648076,4.918076,4.108076,1.5380762,1.0480762,1.4480761,2.608076,3.7080762,4.6980762,5.378076,6.048076,6.9080763,7.5580764,7.008076,7.5580764,7.818076,4.968076,3.5580761,3.848076,2.9180763,2.398076,2.378076,2.118076,1.0280762,0.6280762,0.8980762,0.61807615,0.26807618,2.098076,2.338076,1.0180762
2.9880762,3.128076,2.7980762,1.9880762,0.7580762,1.4680762,2.0480762,1.4480761,2.2480762,-0.20192383,1.0580761,0.7080762,0.28807616,-0.7319238,-0.44192383,-0.7519238,-0.8519238,-1.3219239,-1.4619238,-0.83192384,0.78807616,1.5080762,2.4180763,2.4380763,2.9180763,4.088076,5.3680763,4.268076,4.3280764,4.898076,5.3280764,6.048076,5.268076,4.148076,4.758076,4.278076,4.6780763,5.858076,6.338076,6.0780764,5.6380763,6.258076,6.7880764,7.1180763,7.3480763,7.028076,3.2780762,3.0080762,2.9680762,2.1880763,1.1080762,0.3880762,0.92807615,1.4380761,1.5880761,1.5880761,2.1880763,2.898076,0.36807618
3.1880763,3.3180761,3.118076,3.3280761,0.86807615,1.8080761,2.368076,0.118076175,2.4780762,3.2880762,-2.1819239,-0.8019238,-2.2519238,-3.0719237,-4.1119237,-3.4319239,-2.4419239,-1.7519238,1.1480762,1.9880762,0.92807615,0.6480762,1.3980762,2.388076,2.5080762,2.7180762,2.0380762,2.2380762,2.9280763,3.138076,2.9980762,4.398076,5.9080763,5.898076,5.5580764,5.8880763,5.588076,5.5780764,5.918076,6.258076,6.738076,7.728076,7.798076,7.6580763,7.208076,7.728076,7.838076,5.858076,2.088076,2.128076,1.2280762,1.3380761,1.9480761,1.5380762,1.4380761,2.6580763,1.9880762,0.72807616,-0.6619238
3.388076,3.868076,3.9480762,4.378076,2.6680763,1.2780762,0.91807616,0.6880762,0.7580762,1.2380762,-1.9919238,-2.8319237,-1.0219238,-3.5519238,-3.2019238,-1.9519238,-1.6519238,0.34807616,1.2880762,0.3880762,0.66807616,1.1480762,0.90807617,1.5380762,1.8880762,2.4780762,2.138076,1.0980762,1.5080762,2.7880762,3.4580762,2.6880763,2.638076,2.4780762,3.3080761,3.888076,4.6980762,6.108076,6.268076,7.0780764,7.8280764,7.0980763,7.3880763,7.818076,8.2080765,8.338077,7.958076,7.238076,7.1180763,2.3180761,0.46807617,0.24807617,1.0080762,2.088076,1.7880762,1.4880762,0.46807617,-1.1019238,-0.52192384
2.5480762,3.4880762,3.1780763,3.9680762,4.738076,3.6680763,3.0580761,4.668076,2.8180761,-2.7519238,0.7580762,0.36807618,-1.8119239,-2.7319238,-2.3019238,-2.3219237,-0.8519238,-0.47192383,-1.7419238,-1.1219238,-1.4919238,0.23807617,-0.30192384,1.3180761,-0.64192384,-0.16192383,1.9280761,1.6180762,1.3580762,0.018076172,0.40807617,2.0780761,2.9480762,3.0080762,3.888076,4.748076,4.818076,4.048076,5.0580764,5.818076,7.008076,6.778076,7.468076,7.4280763,7.9280763,8.728076,7.898076,7.168076,6.268076,5.838076,4.508076,-0.32192382,-0.33192384,0.39807618,1.2980762,1.0980762,1.0980762,-0.43192384,-1.7819238
0.19807617,2.1880763,2.4180763,3.0380762,3.148076,4.088076,4.608076,2.9680762,3.7080762,1.0880761,1.0880761,0.47807616,-1.9019238,-1.5219238,-1.6819239,-2.1819239,-2.9219239,-2.5819237,-1.9019238,-2.661924,-1.3919238,-1.7219238,-1.5819238,-1.8619238,-1.2319238,0.54807615,-0.061923828,-0.89192384,0.6880762,2.5580761,3.2880762,3.2180762,1.6980761,1.9980762,3.0180762,3.0780761,4.228076,4.8680763,5.498076,6.378076,5.8480763,6.318076,6.5580764,6.798076,7.398076,7.8680763,7.838076,7.568076,6.738076,5.718076,4.248076,3.898076,0.31807616,-0.5419238,-0.43192384,-0.8119238,0.53807616,0.80807614,-0.43192384
-1.5019238,-0.14192383,0.80807614,1.8380761,2.5580761,3.9580762,3.1780763,2.2580762,0.43807617,-0.57192385,-0.13192382,0.7480762,-1.4419239,-4.251924,-3.911924,-2.2419238,-3.5319238,-1.4119239,-0.7919238,1.1980761,-0.3619238,-3.151924,-2.5919237,-3.111924,-2.7819238,-2.2119238,-1.9219239,-2.0419238,-0.5619238,-0.78192383,1.5080762,1.5580761,1.6580762,1.9180762,2.4080763,3.858076,4.748076,4.918076,5.1180763,5.758076,6.258076,6.318076,7.918076,8.598076,8.328076,7.148076,5.488076,6.068076,6.878076,5.758076,4.438076,2.8280761,2.5780761,-0.04192383,-1.4319239,-2.2819238,0.30807617,0.86807615,-2.0019238
-0.0019238282,-1.9819238,-0.89192384,-0.0019238282,1.4080762,2.3180761,2.6780763,1.5680761,2.1580763,0.9380762,-0.21192382,1.1280762,-1.1019238,-5.011924,-5.0719237,-4.351924,-3.0619237,-1.5519239,-1.6919239,1.4780762,2.388076,-0.26192382,-0.8619238,0.07807617,1.4680762,1.2080761,1.8580762,-1.8419238,-0.37192383,0.5280762,0.25807616,0.23807617,1.5680761,2.0480762,3.138076,3.5580761,4.008076,5.338076,5.338076,5.3280764,6.088076,8.038076,8.828076,10.498076,11.108076,9.318076,6.5780764,5.5380764,6.068076,6.518076,5.458076,3.858076,1.7080761,2.378076,-0.5019238,-1.1719239,-1.4919238,-1.4119239,-0.6019238
2.588076,-2.351924,-2.151924,-1.0819238,0.36807618,0.98807615,1.8680762,2.8080761,2.4580762,-0.38192382,-1.5119238,-0.9819238,-2.4719238,-6.701924,-5.6719236,-5.031924,-4.661924,-2.9219239,-1.8519238,-0.5519238,-1.3719238,2.4980762,1.1780761,1.0080762,-1.1019238,-1.1319238,-0.14192383,1.0080762,0.35807618,-0.44192383,-0.15192384,0.5680762,0.9580762,1.7280762,2.2980762,3.7080762,3.9880762,4.918076,5.6780763,5.778076,7.358076,8.218076,9.498076,10.868076,11.9180765,10.988076,7.688076,6.248076,6.188076,5.8480763,5.3680763,3.7180762,3.898076,2.138076,1.7580762,-1.4519238,-2.101924,-1.9519238,-1.6219238
0.66807616,0.21807617,-1.4719238,-2.0019238,-0.40192384,0.07807617,1.6180762,2.4780762,2.138076,-2.7819238,-3.641924,-2.661924,-2.0419238,-5.6919236,-5.8219237,-4.9219236,-5.641924,-3.901924,-1.1819239,-0.51192385,1.5280762,1.3780762,0.7580762,0.6480762,-0.49192384,-0.43192384,-0.5419238,-1.6419238,0.7080762,-0.59192383,-0.78192383,-0.04192383,0.5180762,1.2680762,2.4780762,2.7380762,3.9180763,5.1780763,5.3680763,6.1580763,6.648076,7.018076,7.6180763,9.248076,10.588077,11.718076,10.698076,9.928076,9.278076,7.5980763,5.608076,3.4180763,2.2080762,3.9680762,1.4980762,1.3280761,-1.9919238,-3.9419239,-1.5319238
-0.95192385,0.6480762,0.038076174,-2.8219237,-2.1919239,-1.0619239,1.3580762,2.9180763,2.2580762,-4.761924,-4.531924,-2.621924,-3.0019238,-1.4019238,-5.161924,-6.541924,-4.781924,-4.3819237,-4.1319237,-0.7919238,0.31807616,-1.9119239,0.37807617,-0.22192383,0.55807614,-2.3019238,-1.8619238,-0.95192385,-1.0919238,-1.5319238,-1.4819238,0.09807617,0.97807616,1.2180762,1.7780762,3.348076,3.9680762,5.1180763,5.0580764,5.248076,5.6780763,7.128076,6.998076,7.5780764,9.108076,9.518076,11.028076,11.198076,10.898076,11.078076,9.1680765,7.208076,5.758076,2.588076,3.2780762,0.088076174,1.1180762,-1.4519238,-1.7919239
-2.0719237,-0.70192385,1.1680762,-1.7719238,-4.3019238,-2.2019238,1.0780761,2.5380762,1.7280762,-1.6919239,0.55807614,-1.9019238,-4.4419236,-3.8219237,-4.5519238,-5.5919237,-6.1319237,-5.021924,-4.241924,-3.391924,0.9980762,-0.57192385,-1.2619238,-1.1319238,1.5780761,-2.161924,-0.0019238282,1.4380761,-1.2619238,-1.9619238,-1.4119239,-0.6219238,0.7480762,1.3380761,1.8280761,2.378076,3.5280762,4.168076,4.548076,4.298076,5.398076,5.748076,6.748076,7.3280764,8.448076,8.678076,9.348076,9.2080765,10.6680765,10.268076,10.488076,9.258076,8.588077,7.128076,3.2580762,-0.52192384,0.028076172,-0.76192385,-1.3619238
-3.9619238,-0.9719238,0.80807614,0.85807616,-4.041924,-3.2319238,-0.7419238,1.7680762,3.2580762,-0.21192382,-2.7419238,-1.7519238,-4.931924,-4.261924,-3.891924,-4.101924,-5.561924,-4.731924,-4.9619236,-3.7519238,-3.7519238,0.8380762,-0.22192383,-0.5519238,1.3380761,-1.2119238,0.028076172,-0.47192383,-0.8619238,-2.2019238,-1.0719239,-0.6619238,0.07807617,0.8280762,1.4880762,2.0780761,3.2580762,3.338076,3.7880762,4.1780763,4.5780764,5.768076,6.1780763,7.108076,7.938076,8.818076,9.018076,9.618076,10.368076,10.478076,11.248076,11.938076,11.698076,7.7880764,5.6380763,2.4980762,-0.17192383,-0.10192383,-1.8919238
-3.5419238,-0.90192384,1.6180762,2.1580763,-2.661924,-4.4419236,-2.4919238,-0.20192383,0.058076173,1.8380761,0.10807617,-0.5019238,-3.111924,-4.641924,-5.661924,-4.021924,-2.2319238,-4.4019237,-2.4219239,-5.351924,-2.2019238,-3.5319238,-2.121924,-1.8319238,-0.33192384,0.72807616,0.7480762,-2.0919237,-3.371924,-3.4619238,-2.151924,-1.6619239,-0.08192383,-0.031923827,1.0180762,1.5580761,1.6380762,2.5280762,3.4580762,3.5380762,4.588076,4.768076,5.018076,6.358076,7.088076,7.9280763,8.7080765,9.678076,9.478076,10.638076,10.578076,11.178076,12.678076,14.628077,3.5780761,3.378076,0.66807616,-0.7319238,-1.5619239
-2.7519238,-0.35192382,0.90807617,2.2880762,0.23807617,-4.481924,-4.4219236,-2.641924,-2.381924,-1.0319238,1.2980762,2.858076,2.1880763,-3.4819238,-5.8819237,-5.2119236,-4.451924,-2.151924,-3.8419237,0.30807617,-2.7419238,-3.7019238,-3.8419237,-2.5019238,-1.9319239,-1.9919238,-0.7219238,-0.9919238,-4.141924,-3.3019238,-4.161924,-2.0319238,-1.0219238,-0.7319238,-0.45192382,0.04807617,0.45807618,1.1980761,2.0380762,3.1580763,3.3180761,4.008076,5.028076,5.568076,6.918076,7.468076,7.8880763,8.948076,9.738076,9.718076,10.028076,10.968076,11.298077,11.928076,13.548077,11.068076,12.258076,-1.3519238,-1.8119239
-2.391924,-0.25192383,0.91807616,2.2180762,2.128076,-1.0419239,-4.9619236,-5.221924,-4.471924,-2.5819237,-2.151924,-1.2819238,0.7580762,1.5680761,-3.151924,-3.7619238,-5.4219236,-5.741924,-4.871924,-3.3219237,-4.3419237,-3.0719237,-2.2019238,-4.911924,-4.371924,-4.2119236,-2.4719238,-0.70192385,-0.6219238,-3.911924,-5.911924,-4.5519238,-2.851924,-1.7819238,-1.2519238,-0.70192385,-0.38192382,0.3880762,0.9980762,1.1080762,2.5380762,3.5380762,4.8680763,5.7880764,5.4080763,6.2880764,7.1580763,7.988076,8.358076,9.108076,9.378077,9.328076,9.408076,10.088077,11.728076,10.4580765,11.288076,12.538076,6.998076
-1.2819238,0.6880762,1.6780761,1.9180762,2.378076,1.2980762,-1.9719238,-5.3019238,-5.411924,-4.231924,-2.9319239,-2.5919237,-1.6919239,-0.18192382,-1.0819238,-2.851924,-2.8019238,-3.611924,-6.4019237,-4.751924,-5.1919236,-5.871924,-5.0919237,-3.5319238,-4.161924,-5.6319237,-5.761924,-4.021924,-1.3819238,0.45807618,-6.251924,-5.781924,-5.161924,-2.4419239,-1.9119239,-1.3319238,-1.0719239,-0.5019238,-0.17192383,0.6480762,1.4580761,2.7380762,3.878076,5.148076,5.2880764,5.708076,6.378076,6.9080763,7.958076,8.378077,9.058076,9.258076,9.738076,9.358076,9.368076,9.638076,10.4580765,10.9180765,10.008076
0.53807616,2.1980762,2.9580762,2.7980762,2.2880762,2.108076,0.31807616,-3.661924,-4.761924,-4.4619236,-3.9719238,-3.5219238,-2.6719239,-1.8119239,-1.9319239,-2.7219238,-3.161924,-4.601924,-4.781924,-3.3219237,-3.5219238,-4.8419237,-4.201924,-4.411924,-3.2519238,-4.621924,-4.3619237,-4.521924,-4.9619236,-2.7819238,-1.0619239,-5.6719236,-6.351924,-4.851924,-4.1919236,-1.9619238,-1.9419239,-1.9619238,-0.9119238,-0.84192383,0.47807616,1.4380761,2.398076,4.0580764,4.628076,5.378076,5.8480763,6.508076,7.488076,7.6980762,8.098076,8.188076,8.498076,8.998076,8.528076,8.988076,8.338077,8.088077,7.918076
1.0380762,1.5480762,2.4180763,3.0480762,3.4380763,2.9480762,2.108076,-0.27192384,-2.621924,-3.881924,-4.331924,-3.631924,-4.0919237,-2.871924,-3.621924,-2.611924,-3.111924,-3.0419238,-4.911924,-4.811924,-4.041924,-4.201924,-4.721924,-4.9619236,-4.721924,-4.221924,-4.9419236,-6.161924,-6.521924,-5.5519238,-4.161924,-1.3319238,-6.8219237,-7.141924,-6.241924,-4.581924,-3.0519238,-2.4619238,-1.8519238,-0.83192384,-0.25192383,0.92807615,1.8880762,2.6880763,3.5080762,4.6780763,5.3280764,5.898076,6.068076,6.5580764,6.9480762,7.548076,7.798076,7.918076,8.248076,7.968076,7.778076,8.218076,8.408076
